195544393564507939280473030656.000000
-4.729117
601104089752885404775743488.000000
-0.000055
102.316444
-44982.910156
0.650061
13883383212092989508883054592.000000
-0.002420
-797175583534034572577620361216.000000
-349059616709302812672.000000
-38796216246468608.000000
-22473590784.000000
-439190780024717312.000000
-0.000011
-708479008337598405079465984.000000
185626064171565056.000000
25593905537875968.000000
-1473866222142590776894291968.000000
0.007300
10652688774451953664.000000
-1819503232.000000
-0.000461
0.020452
297864593408.000000
-57917616128.000000
-0.000747
-9.912723
763263477053274338556379136.000000
6466338383869247488.000000
0.000333
-7947670528.000000
-32895352.000000
0.000855
-1976597191824519033635099814190383104.000000
2588266.250000
182647341056.000000
-46103537023366642316345344.000000
3.966582
-3596598.250000
2885269061632.000000
400179.187500
776143607169024.000000
0.000109
-36457704571264797998317568.000000
-36514331463885067894390784.000000
13095636.000000
-4.718837
-5534340801258838468440621056.000000
315693221126300762112.000000
-49244325786216614848364544.000000
281527884999078348587008.000000
-4347.002441
-107003076608.000000
9882599626450665472.000000
-46.720001
-49.400261
0.000493
-1133461536418559580502195655671808.000000
3.859599
17583107473408.000000
25660536509454876672.000000
-0.000092
-105.854164
-332.170258
4171142770381029376.000000
44690713780033324173082222395392.000000
75468050408870510592.000000
-15048272379509735424.000000
-466828832.000000
0.000007
0.000006
-3406207834390528.000000
-170796531712.000000
-0.000002
16535960682496.000000
-1404257949889281847738761216.000000
11.395922
804326240126122938656337713692672.000000
-470574199472128.000000
-116385106878733051051242321608704.000000
112643272.000000
-105720.921875
486444438379780065842140397921370112.000000
52483049127936.000000
523512512512.000000
-441.278320
-0.001903
-829405.687500
-1472908959487766244098048.000000
0.000001
3497146622099480657189198302445305856.000000
-4210517561878574667014873385271296.000000
244.392166
-551050543104.000000
21699.109375
46.398251
0.000001
